208 210
289 145
197 171
471 1000
260 50
249 134
191 202
195 207
215 144
190 196
209 198
457 1000
447 993
442 1000
237 185
461 975
443 1000
252 86
244 91
467 1000
200 167
237 85
449 1000
306 87
248 104
232 116
473 1000
232 182
220 194
282 82
216 195
433 1000
269 109
442 968
237 200
197 218
482 1000
273 118
466 976
435 989
212 82
225 176
215 194
233 79
252 132
277 83
469 998
246 89
249 98
221 218
245 161
248 102
414 1000
236 66
187 195
411 968
178 189
428 986
447 972
461 1000
204 173
208 204
267 105
236 81
280 71
240 86
465 995
201 177
262 111
290 118
249 95
278 104
358 1000
222 94
257 110
449 992
195 196
425 1000
249 111
185 199
196 219
213 201
465 996
233 179
256 130
199 152
197 213
270 68
261 103
232 184
196 171
268 113
248 108
269 120
227 124
271 105
272 106
196 176
234 202
267 88
431 1000
255 197
193 166
200 227
214 158
443 999
267 111
224 197
236 205
427 983
226 178
434 1000
443 987
438 991
471 1000
235 101
220 194
469 1000
255 74
201 199
191 187
228 103
446 968
481 953
416 960
223 239
462 1000
474 992
275 78
451 979
228 209
203 195
459 994
443 1000
231 85
440 989
204 228
256 125
407 1000
283 71
465 969
246 102
207 219
250 139
198 178
251 87
261 95
265 79
462 1000
431 1000
454 994
444 1000
286 118
281 120
202 201
213 193
217 178
201 185
244 94
193 175
200 156
271 63
193 188
193 200
226 216
266 138
250 80
456 995
243 104
267 114
277 105
423 991
473 993
447 1000
262 125
439 966
250 94
205 203
449 1000
266 88
209 224
451 1000
230 201
482 1000
250 91
201 206
206 164
264 100
200 182
426 1000
235 187
189 190
201 185
227 164
259 113
467 982
207 181
472 1000
228 90
480 1000
475 969
278 101
457 1000
453 975
268 102
240 208
237 169
479 1000
239 101
493 1000
192 147
260 119
166 207
285 91
230 173
432 1000
461 984
446 981
451 982
463 997
439 1000
446 985
244 89
448 999
185 167
201 166
203 199
428 1000
213 187
189 190
454 1000
446 1000
455 1000
256 90
265 105
479 987
207 195
280 107
233 157
452 1000
274 133
273 99
452 1000
473 996
247 110
225 157
474 1000
208 159
195 162
182 196
205 212
249 118
272 84
273 108
202 194
191 208
452 982
278 108
275 113
252 58
235 78
243 175
456 988
471 1000
259 100
298 82
428 991
166 192
309 72
257 118
260 99
217 204
224 188
460 983
468 1000
258 78
469 1000
467 950
224 174
455 1000
225 87
448 1000
283 94
484 1000
469 977
231 188
463 1000
196 217
462 990
451 987
255 104
464 997
218 178
243 195
209 153
267 135
248 94
200 210
445 1000
430 977
