87 785
334 238
34 745
355 236
529 669
423 696
205 121
0 746
379 272
0 732
570 881
366 145
223 242
332 184
386 108
34 772
431 185
402 808
247 626
323 193
30 815
488 676
215 207
606 747
102 593
394 802
614 907
141 734
0 786
33 704
234 170
223 258
359 231
49 708
492 807
88 807
351 155
656 705
214 788
448 796
162 775
265 198
428 803
584 779
471 706
327 809
425 788
109 849
63 851
311 291
49 689
554 705
608 786
277 313
42 851
0 725
455 722
465 858
313 246
0 726
480 747
542 790
432 878
0 712
291 200
541 810
518 751
477 921
590 791
477 764
499 817
540 794
358 82
383 249
0 685
288 247
478 696
132 782
271 59
563 694
443 966
289 255
491 864
444 277
255 231
520 861
304 298
268 22
550 792
357 221
541 809
386 213
112 800
231 777
273 153
525 831
143 785
0 790
285 268
131 760
581 745
531 705
0 738
285 246
534 698
618 815
329 158
407 822
481 665
483 799
344 727
0 738
627 745
295 218
187 741
658 761
0 764
39 802
301 198
126 815
490 726
236 189
322 153
427 54
341 100
168 841
472 678
320 241
124 805
37 772
25 874
116 810
491 844
350 273
0 787
650 786
243 289
323 180
379 210
440 782
160 152
6 587
387 171
79 823
266 136
209 284
515 779
551 859
2 760
335 243
408 765
541 743
141 720
491 843
467 801
548 745
483 146
104 762
115 843
252 177
290 123
287 188
543 659
88 686
311 142
563 712
47 727
211 807
288 211
365 260
107 763
491 716
68 613
535 718
234 192
291 328
61 809
84 786
101 762
146 692
498 802
120 769
97 874
564 850
462 725
542 821
474 792
119 747
157 727
103 907
171 100
217 75
99 795
434 127
483 723
457 821
544 796
451 851
365 222
127 904
466 803
72 772
115 784
49 769
284 297
410 70
354 108
374 739
0 781
29 737
530 797
277 250
7 850
224 39
94 794
493 834
161 602
89 737
339 250
459 847
21 753
360 800
151 762
0 732
584 777
243 223
304 283
0 805
282 251
376 148
177 795
74 682
454 801
486 775
81 688
187 782
278 156
416 169
86 809
228 185
204 163
487 691
340 239
112 857
238 172
99 748
241 137
115 663
488 746
321 122
477 801
603 806
61 745
556 852
356 185
20 766
534 859
285 239
506 721
35 956
102 726
610 942
478 787
34 794
392 729
161 722
329 181
305 269
475 793
380 714
624 728
581 934
170 718
509 730
436 837
271 167
320 292
245 771
556 792
0 723
55 755
360 913
173 874
39 796
540 755
47 885
614 838
520 880
420 252
547 847
65 817
565 739
352 164
94 707
510 797
166 756
208 150
180 112
509 748
19 744
200 262
130 809
50 857
424 905
391 676
482 772
346 288
586 757
143 757
259 238
390 128
387 249
304 259
655 838
573 754
364 233
382 140
533 912
276 107
254 165
245 49
162 777
554 755
526 848
135 805
29 703
133 828
2 732
432 778
435 880
110 749
355 148
373 155
246 265
221 142
296 162
296 80
119 788
106 735
431 229
241 181
265 201
213 179
44 779
0 889
570 887
337 158
337 167
137 738
455 811
597 932
79 749
68 688
656 950
634 797
350 197
65 754
230 128
543 797
243 158
319 257
261 178
192 208
245 346
148 837
445 785
433 888
307 225
343 286
51 659
487 764
413 828
183 199
286 303
154 632
221 256
20 800
464 636
111 804
302 204
220 234
254 264
380 129
497 845
0 728
301 137
12 895
161 286
484 746
62 879
569 715
93 807
478 751
580 855
0 814
51 718
259 313
471 745
38 843
100 657
0 670
49 734
297 253
281 169
333 289
637 834
220 283
519 833
356 270
501 763
623 609
390 209
113 747
320 172
176 850
301 671
468 770
50 897
55 711
112 832
120 664
249 128
372 771
318 225
0 769
545 840
292 115
259 194
346 292
143 819
313 238
173 87
125 689
75 708
529 836
291 134
248 112
0 776
57 903
219 249
406 719
312 169
423 726
141 760
439 810
86 730
173 832
87 821
485 836
402 793
255 161
592 766
381 40
417 767
88 806
229 114
451 795
202 801
236 308
113 828
476 806
38 735
126 860
73 725
116 771
54 779
289 139
37 741
277 863
20 643
356 301
278 235
274 148
344 232
87 619
596 773
274 196
534 761
437 202
322 262
502 768
303 235
31 671
31 743
83 735
517 719
313 91
594 847
125 793
370 710
55 759
513 974
175 731
359 755
564 848
393 662
147 784
525 838
556 731
306 304
0 768
448 918
88 672
0 781
326 259
537 790
536 886
335 172
526 907
0 696
485 880
529 797
464 790
520 722
373 123
537 841
53 874
556 840
73 721
539 689
453 184
42 793
0 792
168 772
136 774
0 825
525 852
573 728
0 781
246 655
505 837
341 163
432 110
266 160
242 708
529 692
20 878
79 843
31 764
201 753
292 158
449 827
409 132
476 761
80 777
318 150
92 794
184 33
251 60
0 877
638 721
77 810
114 732
578 796
280 275
72 828
0 780
0 726
121 930
540 737
0 927
79 808
553 785
96 887
78 779
94 848
542 795
56 719
223 192
164 794
312 100
284 57
76 777
450 746
239 800
284 239
0 728
280 57
443 702
242 218
407 206
252 127
426 249
663 825
85 747
244 192
345 122
59 764
467 799
560 811
425 239
544 835
550 855
609 829
529 723
282 236
512 860
431 773
526 721
509 772
177 655
510 854
316 143
77 777
163 767
278 102
399 774
437 846
521 765
134 756
19 748
499 750
0 915
179 764
312 103
410 701
47 662
295 184
128 689
450 779
226 142
76 837
259 153
256 180
573 833
264 323
542 675
484 765
529 861
491 901
117 753
89 737
585 791
255 172
492 808
147 862
469 911
62 794
103 680
360 719
67 882
187 160
214 176
258 108
438 846
12 769
542 858
117 688
403 800
462 672
429 722
278 171
414 827
371 155
546 607
431 831
453 207
536 843
498 740
191 197
240 359
29 934
608 884
476 795
296 198
349 155
508 767
98 635
325 57
509 717
0 629
4 779
249 161
462 157
489 812
38 751
238 152
545 835
380 253
366 188
164 689
360 201
23 728
581 828
553 769
443 812
318 260
546 781
65 806
9 856
344 169
223 122
112 762
519 753
348 173
571 859
605 831
251 104
257 105
250 245
438 867
104 637
520 759
195 126
217 258
72 803
156 770
283 646
494 862
621 825
340 0
15 791
521 817
369 125
394 267
478 835
427 257
549 805
198 222
471 661
28 590
131 745
47 788
572 743
424 162
308 218
332 231
0 595
325 276
150 802
427 773
84 635
460 827
296 204
544 910
542 749
384 118
0 768
0 727
37 821
330 90
366 284
579 756
143 557
5 749
11 671
409 228
123 815
583 625
512 835
204 80
474 825
350 176
478 857
104 645
615 855
554 823
142 720
419 160
286 204
289 199
305 287
148 678
548 748
227 124
224 77
97 735
254 125
234 133
0 643
116 816
523 781
0 711
168 770
378 132
0 869
297 98
635 752
528 775
592 769
494 598
199 698
131 817
315 187
448 226
52 719
434 292
234 745
249 165
17 760
399 855
362 223
37 749
289 30
439 210
0 697
395 76
377 235
532 727
58 834
143 831
167 256
591 809
36 722
195 238
181 238
80 731
377 238
414 206
170 157
488 755
528 715
550 851
453 880
100 774
327 176
361 57
360 174
73 779
555 919
560 844
612 733
235 259
9 721
244 217
509 775
531 710
587 843
33 680
453 828
383 205
196 307
369 155
143 832
251 135
499 784
140 721
50 824
345 173
210 763
222 699
79 755
36 753
420 767
474 683
20 728
106 807
162 627
519 849
147 751
0 592
365 827
470 821
293 149
420 815
246 247
318 305
249 201
122 674
558 730
133 767
0 731
407 766
75 771
170 867
496 787
81 751
157 808
528 904
406 216
32 682
147 863
256 99
529 822
474 828
38 737
590 744
101 332
471 165
478 861
385 798
254 892
415 701
334 243
212 180
88 785
71 732
471 779
154 809
434 823
105 774
486 725
63 656
280 231
367 211
102 859
365 282
415 218
31 813
281 231
458 751
82 696
156 736
180 245
302 270
379 215
175 109
554 785
138 871
303 288
630 854
231 179
146 307
0 713
337 210
233 70
167 798
275 266
0 792
345 179
487 910
50 776
292 188
351 208
91 728
60 787
190 221
258 226
478 884
315 162
370 828
499 613
228 167
528 745
478 809
76 833
505 720
323 239
501 752
266 136
531 744
399 655
113 779
443 739
86 747
521 855
595 755
49 528
649 694
109 885
496 668
321 296
295 171
370 351
308 298
103 769
146 715
291 168
596 759
411 803
254 60
556 919
530 975
575 855
0 791
28 827
459 855
548 826
459 320
371 817
325 137
464 698
451 940
164 800
423 837
424 627
324 66
62 660
195 248
589 801
169 798
642 772
1 795
57 616
300 198
118 845
658 884
559 812
362 227
480 764
418 360
303 109
452 680
0 773
587 840
344 201
262 112
44 768
66 690
477 801
223 259
328 189
399 266
325 182
272 155
249 234
106 746
37 684
605 877
22 799
121 790
15 795
429 808
55 718
186 158
192 235
534 824
249 66
478 797
234 286
255 149
468 721
496 773
613 898
0 796
187 768
432 199
543 746
448 711
470 784
0 843
320 104
425 917
146 677
334 140
229 156
434 801
519 778
257 193
166 907
315 8
173 668
279 158
21 696
622 683
131 854
490 817
150 678
279 147
61 732
240 187
556 692
609 727
418 128
542 807
270 240
262 215
483 625
12 876
570 844
0 808
218 163
527 922
44 802
76 811
507 845
608 850
637 883
506 758
482 886
312 176
590 802
36 746
329 42
350 83
512 881
419 865
330 195
464 722
83 719
289 232
178 850
370 343
451 845
409 238
75 722
595 638
344 225
385 872
543 873
308 113
483 663
76 782
194 136
195 188
81 752
496 738
429 737
0 762
328 283
556 685
358 758
523 720
85 719
180 715
359 146
493 854
613 840
154 709
289 255
519 897
552 944
476 847
235 187
227 49
493 756
74 622
98 632
344 254
401 126
580 753
500 741
156 283
427 799
322 77
363 130
248 223
0 840
13 762
345 184
41 890
125 792
99 739
166 672
63 787
423 844
149 776
219 165
513 829
359 206
398 289
205 191
526 810
115 889
555 801
465 740
276 202
154 668
242 239
340 175
471 904
579 982
559 774
61 776
95 956
110 743
319 166
177 814
447 798
469 798
37 709
543 721
296 189
274 88
518 875
176 888
436 804
131 732
345 149
0 738
209 161
141 753
0 653
298 215
0 842
228 299
347 185
348 175
443 832
435 160
546 792
493 834
525 838
311 285
194 794
641 834
301 226
444 866
538 724
536 804
237 189
65 836
473 805
134 718
44 639
134 245
230 150
93 681
383 170
475 675
539 714
96 644
609 762
526 757
212 796
271 244
515 817
428 108
365 751
249 79
570 910
422 129
497 860
374 754
228 212
38 807
222 252
403 696
490 874
150 835
491 850
566 691
525 844
456 741
508 837
539 867
358 229
143 690
239 178
308 273
635 814
235 255
324 84
162 916
447 792
92 879
300 237
25 790
107 743
360 205
400 216
235 186
66 802
480 842
358 98
337 268
138 659
603 814
262 93
247 858
31 868
318 212
0 748
108 743
436 692
652 851
0 700
471 906
94 779
85 693
268 163
296 236
291 197
523 765
154 791
52 740
307 155
164 810
510 857
295 244
240 113
278 91
469 829
711 719
487 750
375 220
248 233
0 741
627 726
90 792
253 784
333 300
8 710
182 701
526 858
474 756
172 183
397 602
55 893
89 687
102 725
258 158
61 728
465 970
447 796
388 127
525 890
436 242
387 136
467 731
326 181
120 769
315 330
457 901
129 835
294 213
485 809
98 778
65 744
574 833
294 245
176 720
47 784
140 770
124 790
112 724
0 754
422 180
431 836
374 716
205 108
310 211
118 838
225 183
356 185
0 709
409 208
29 650
0 765
198 169
559 725
289 210
90 794
74 872
528 832
11 791
124 874
678 833
258 134
0 655
477 156
33 840
427 851
226 230
507 840
469 666
128 708
285 159
485 1000
283 233
344 195
76 730
0 771
446 801
276 162
227 172
187 642
331 128
380 345
99 730
495 824
110 197
304 88
450 717
522 905
321 169
307 211
356 162
530 694
0 772
69 768
138 707
64 795
114 800
504 768
305 288
520 824
142 705
133 750
495 1000
436 211
157 218
575 776
183 788
115 795
121 583
430 822
23 714
270 204
152 748
0 757
82 789
539 867
0 744
105 719
585 851
40 703
319 261
498 767
399 753
530 790
264 239
0 715
463 795
475 801
0 725
37 843
44 761
249 826
221 706
504 941
543 713
542 733
81 754
245 323
362 309
22 803
523 650
439 820
135 875
487 770
196 169
445 690
386 84
203 755
140 761
487 732
417 850
537 786
427 676
135 635
100 642
530 780
290 229
14 824
541 708
122 775
297 87
381 825
432 217
301 223
452 830
523 811
132 857
29 763
10 741
102 331
101 759
114 639
486 701
173 802
443 824
43 859
36 702
437 851
560 869
199 210
332 229
478 198
304 281
0 619
128 803
0 783
401 775
231 874
579 875
251 220
345 262
0 723
445 740
384 726
114 830
290 234
407 811
0 722
375 293
89 704
42 649
248 144
390 702
493 841
181 144
84 848
245 147
266 244
610 823
83 851
274 152
427 288
383 290
289 134
143 826
418 320
0 655
375 141
497 771
642 592
625 864
0 776
502 913
627 730
310 140
343 250
288 187
0 641
291 171
279 50
34 751
354 116
558 872
109 99
455 820
259 292
0 783
140 724
501 780
259 250
84 768
298 282
0 745
266 153
210 143
92 838
451 823
402 750
437 937
537 790
488 780
344 155
88 727
249 223
542 903
35 816
486 866
451 856
95 842
480 797
79 769
324 56
34 839
148 288
411 130
0 756
437 698
275 183
313 153
0 766
469 971
302 58
529 914
101 857
163 719
107 752
236 243
52 651
547 791
250 215
322 155
447 793
0 678
0 709
61 792
48 716
434 762
413 768
172 863
0 752
573 767
464 700
527 751
254 29
489 793
0 834
205 155
477 821
657 795
210 199
62 725
269 202
451 673
275 229
511 763
372 135
112 801
26 733
563 609
367 241
529 733
585 821
365 66
114 764
47 662
414 791
559 709
523 774
207 171
208 33
71 757
215 93
97 775
320 222
500 816
414 54
155 187
466 790
67 762
77 810
76 732
146 165
557 778
444 97
219 133
546 894
0 868
487 861
121 744
137 825
214 248
544 792
295 131
46 742
186 847
501 726
30 876
181 873
427 61
0 805
616 714
287 338
549 763
375 787
98 714
3 773
344 161
588 771
103 795
412 113
264 222
497 833
362 103
490 1000
546 774
484 706
248 177
97 812
506 873
554 896
31 704
0 760
423 903
305 234
179 675
442 200
105 866
116 674
0 746
374 732
162 72
331 60
119 693
157 206
239 96
556 737
0 812
163 770
101 782
395 853
530 710
411 151
247 163
87 607
224 202
542 728
524 857
49 781
368 812
178 151
185 231
383 132
217 176
172 695
165 260
56 791
270 187
540 851
404 223
0 738
438 778
576 840
591 755
91 791
257 181
0 751
525 711
595 819
176 855
61 746
504 860
341 160
232 207
207 251
109 690
584 824
536 818
102 726
311 347
516 771
273 386
85 824
179 132
499 699
365 207
295 304
68 854
480 772
367 200
586 785
586 738
405 147
26 736
586 962
127 753
235 239
56 852
304 210
512 798
435 870
490 795
538 722
569 888
101 583
276 243
90 773
313 172
623 770
278 277
269 382
296 181
253 123
111 717
34 796
203 179
6 748
293 212
150 727
337 193
500 753
478 687
547 757
542 692
158 676
283 258
104 671
36 785
140 731
141 809
351 169
623 841
383 214
489 728
295 146
588 786
34 837
423 258
257 147
603 751
345 954
263 167
308 276
32 635
548 809
117 860
412 110
282 267
578 806
0 770
545 652
323 776
455 789
70 738
504 780
583 845
558 623
130 809
518 778
327 266
101 643
369 174
421 760
445 786
297 236
273 206
499 826
499 782
95 671
315 166
499 764
149 759
645 757
461 663
568 771
0 721
0 699
517 767
339 162
90 744
645 820
113 873
219 118
456 815
416 186
239 265
430 723
244 197
494 805
530 926
54 852
207 85
73 822
434 853
532 755
340 0
0 770
330 224
234 144
446 733
90 765
435 882
53 665
428 735
77 750
560 712
572 775
135 656
47 770
46 801
0 769
640 805
101 713
256 119
515 738
363 245
612 844
15 760
465 894
293 122
76 701
499 828
133 875
497 785
403 763
212 278
269 57
0 898
499 790
0 776
32 823
325 214
595 773
382 293
411 771
418 738
484 728
162 776
257 120
82 711
510 697
377 184
12 748
504 939
431 802
205 665
319 264
506 815
117 671
112 746
209 215
325 184
0 693
290 251
134 799
197 727
543 849
121 683
215 108
27 792
312 277
0 833
243 145
526 776
392 147
559 842
396 836
245 260
0 718
98 754
340 28
467 882
76 740
105 771
0 784
43 668
11 710
398 275
476 758
31 669
528 826
164 268
157 818
491 740
206 114
354 274
44 890
253 292
422 841
458 861
529 825
55 722
549 724
418 791
485 773
376 180
414 173
251 126
652 934
319 215
420 784
517 778
289 117
50 787
489 206
401 814
511 816
396 921
371 682
321 157
79 790
56 837
28 735
471 776
145 775
33 860
489 826
312 108
264 170
0 672
60 736
2 739
517 945
415 197
488 731
464 810
104 529
282 166
239 37
456 790
71 820
173 661
2 807
28 935
324 136
0 703
70 779
374 306
19 555
169 159
393 821
93 784
587 877
313 123
419 752
133 637
179 769
106 744
311 213
313 35
348 897
9 737
528 724
323 288
250 237
289 117
386 844
607 843
113 760
246 167
271 845
14 777
309 114
104 802
251 86
71 798
423 766
0 737
324 60
456 742
0 749
122 828
491 837
132 858
550 792
523 847
295 110
408 734
419 226
0 844
59 710
76 683
498 220
51 954
131 706
512 710
328 167
561 805
381 98
66 727
13 829
580 804
315 119
96 788
456 839
267 184
519 969
217 257
85 796
457 831
253 323
450 788
400 142
242 738
340 187
299 231
267 273
628 830
235 227
101 656
12 817
401 182
168 160
242 284
448 648
0 775
512 929
44 771
363 200
0 801
458 713
361 3
397 848
316 193
141 117
115 831
390 113
158 280
358 837
0 644
632 844
0 716
387 72
0 758
287 83
372 250
308 159
56 791
549 684
34 728
378 798
535 893
497 807
496 932
261 98
435 967
83 785
560 795
73 774
497 746
599 815
249 117
192 778
481 726
18 830
407 176
97 704
613 719
427 761
462 160
617 860
413 824
211 759
0 631
247 276
477 662
356 138
20 793
420 763
204 240
20 746
0 748
212 233
282 0
571 707
373 363
227 743
170 139
586 691
20 775
44 760
43 674
385 803
62 797
514 864
87 769
90 718
45 749
81 718
386 140
537 792
384 251
67 803
120 698
217 0
550 746
581 761
38 869
585 843
253 233
150 673
112 843
152 871
57 844
134 830
120 832
195 880
114 834
100 743
77 723
333 171
539 682
509 864
314 187
513 894
243 257
437 216
404 703
80 819
335 109
123 830
413 886
345 225
627 794
243 163
464 882
537 694
295 254
571 841
298 185
228 815
171 755
143 211
371 136
301 185
549 749
129 712
365 284
187 741
494 887
528 848
130 808
607 652
563 822
364 157
368 132
233 276
500 797
445 794
279 86
79 694
346 358
271 183
0 662
58 672
451 860
26 677
396 160
369 180
376 861
129 672
489 696
286 186
473 774
160 180
545 830
114 747
271 239
467 787
105 682
272 162
224 208
547 929
319 97
285 168
153 813
122 762
506 890
299 128
135 193
356 264
237 240
98 732
334 194
350 190
308 227
368 208
505 952
539 689
422 109
3 826
139 814
589 904
336 226
130 763
471 794
24 831
528 759
549 803
108 923
59 877
514 909
0 795
208 802
3 691
300 224
334 165
31 777
374 157
0 818
125 706
532 875
113 884
210 212
315 132
349 98
350 97
315 213
78 625
0 739
504 761
240 75
377 204
343 112
0 842
517 972
293 182
402 777
450 689
285 175
470 727
164 744
593 721
85 734
357 272
335 232
71 760
607 815
357 266
103 741
464 638
77 744
263 126
51 739
0 740
268 319
198 228
124 825
238 1
73 768
210 614
398 692
543 803
474 911
614 694
72 715
361 801
492 785
106 730
266 107
385 130
367 864
608 721
609 812
356 110
433 155
50 676
312 256
497 804
524 731
30 839
143 225
24 678
360 883
454 788
496 827
579 799
117 1000
518 749
34 823
264 264
286 112
0 870
412 179
294 71
229 188
527 842
259 148
329 142
0 770
120 821
80 624
355 801
488 845
288 258
546 778
283 275
513 685
470 307
25 779
63 696
284 187
335 151
166 673
0 832
604 802
142 731
553 720
34 848
266 191
108 803
513 681
141 605
10 821
230 0
135 859
246 121
567 843
74 847
120 674
499 908
454 776
27 816
0 778
64 930
240 217
111 806
55 757
273 277
80 696
0 714
0 862
265 178
469 769
50 870
33 952
505 841
148 723
35 692
515 715
100 731
291 295
405 170
572 728
115 786
527 654
144 737
397 826
379 711
213 206
512 845
243 251
55 728
418 181
545 729
345 142
214 169
102 662
336 214
96 891
281 294
362 287
430 652
518 742
112 747
575 896
506 711
616 837
480 774
332 242
308 93
150 883
519 611
132 703
598 813
239 112
100 781
78 737
113 691
417 110
150 841
235 210
309 194
233 258
80 812
243 202
154 800
563 732
355 0
93 569
71 758
441 711
75 799
23 698
174 231
0 721
11 757
411 153
1 832
87 789
477 848
143 184
443 710
0 708
576 771
0 735
113 710
228 216
248 67
29 661
265 56
393 100
395 822
256 236
208 290
55 800
537 748
57 849
431 849
74 767
0 714
169 702
444 838
498 728
136 761
141 616
320 280
509 786
21 734
124 723
550 754
545 670
0 715
0 779
497 781
66 828
314 213
471 833
200 178
380 200
178 744
0 829
314 91
67 658
542 885
276 353
344 207
153 736
92 836
450 166
138 706
265 183
487 818
142 716
267 225
280 126
232 747
288 335
123 762
354 161
469 936
401 694
347 728
512 786
0 719
490 878
369 304
454 813
324 139
0 793
271 118
288 292
232 262
367 875
379 155
233 177
444 797
74 777
375 275
224 117
73 673
451 930
603 812
315 240
644 859
95 729
494 889
577 767
419 841
214 860
340 159
85 664
260 243
560 819
258 262
281 143
109 627
337 176
393 810
425 783
309 182
87 615
506 859
533 619
603 748
474 738
345 145
299 129
275 268
494 785
238 44
65 654
208 116
496 778
454 250
95 670
184 702
31 728
320 218
223 256
290 200
604 917
236 96
277 240
474 796
242 199
188 769
690 923
168 145
424 879
103 816
273 143
263 179
427 801
0 618
196 760
83 856
469 865
292 174
490 857
589 690
511 812
248 211
350 769
353 104
181 236
199 369
0 740
492 988
10 604
134 620
0 623
553 842
0 758
281 173
126 800
20 881
206 110
240 122
190 328
388 192
93 737
563 891
402 748
549 885
371 141
2 785
357 188
304 238
181 164
249 212
0 669
95 710
196 124
220 220
247 220
184 274
492 727
490 706
513 770
254 338
321 182
90 684
251 176
41 821
60 639
242 253
470 851
0 772
71 783
484 726
331 186
423 42
59 711
109 734
582 912
513 687
107 829
23 752
487 785
214 206
633 778
174 808
517 844
77 734
219 697
283 237
534 780
434 908
627 776
511 799
331 288
0 748
186 828
470 771
547 779
97 772
426 274
229 133
293 180
231 214
176 803
523 803
441 829
191 777
292 160
191 210
132 862
504 729
61 772
403 197
76 760
427 703
84 758
181 775
512 203
38 747
188 100
478 698
578 901
180 112
532 708
580 779
178 741
167 188
476 768
258 206
473 606
259 183
257 225
271 242
276 253
85 792
507 840
506 841
108 776
411 789
292 240
473 852
306 215
510 878
490 739
121 805
95 869
36 779
11 867
554 886
541 869
480 194
255 187
0 824
282 186
402 229
289 176
0 707
534 774
377 215
69 785
313 196
485 746
211 180
84 708
450 825
566 789
148 865
364 236
586 628
328 173
448 866
183 214
261 147
415 915
9 775
155 580
410 795
502 839
401 714
569 579
257 211
467 832
190 684
366 240
30 608
518 777
92 826
516 630
394 778
60 877
36 733
537 822
470 747
139 749
234 721
174 767
96 757
527 927
545 885
48 785
468 879
19 703
259 213
193 851
538 843
443 654
253 108
370 206
423 171
245 176
191 195
498 743
546 744
305 248
91 747
532 886
1 704
371 781
239 177
566 768
133 810
309 231
259 95
318 275
279 162
298 153
555 637
0 759
483 876
177 719
21 703
493 815
314 280
553 679
50 831
87 700
179 228
14 755
113 854
0 814
498 855
332 121
234 158
38 728
25 696
56 737
539 821
499 763
285 234
320 214
42 896
647 890
200 168
426 982
98 675
567 643
396 265
0 727
528 767
482 816
469 776
506 765
36 779
301 67
379 192
397 673
105 763
0 737
435 289
18 758
576 876
417 758
204 821
384 161
268 255
612 766
397 174
277 327
364 767
594 862
22 834
66 704
193 816
391 738
0 688
447 92
335 192
295 194
458 951
135 902
299 157
470 857
112 807
357 236
582 769
597 757
71 757
538 815
143 839
292 230
321 250
564 807
192 281
571 742
290 219
437 783
407 898
289 151
457 795
391 259
106 754
331 151
440 791
636 831
265 188
273 283
343 847
233 178
353 685
61 866
86 822
514 847
163 764
280 129
392 201
240 88
547 726
363 328
236 312
441 811
622 699
516 758
18 682
288 194
366 201
273 149
104 763
253 188
583 860
278 161
514 697
0 661
318 184
303 98
505 773
493 728
392 153
293 166
282 119
535 842
315 79
120 805
307 228
513 735
236 225
340 207
76 773
373 269
48 859
411 178
7 761
0 812
614 802
63 811
75 706
270 185
0 852
474 795
51 764
0 768
447 295
175 786
458 742
37 644
215 733
360 269
673 782
362 800
390 352
382 278
596 926
40 965
461 765
33 686
531 776
473 745
164 829
122 718
487 770
473 784
364 96
494 786
367 140
447 891
542 768
493 784
521 733
683 945
54 878
417 829
469 777
115 711
318 230
510 728
50 771
513 930
439 802
261 750
12 757
473 797
594 776
490 849
284 157
0 875
329 127
115 678
323 276
182 766
158 823
37 716
358 185
199 274
139 818
430 764
344 892
0 767
429 796
326 176
337 242
475 752
139 883
75 763
38 829
395 804
234 198
345 296
352 164
28 709
395 213
327 290
534 861
169 166
63 664
342 171
0 784
240 270
567 854
17 746
279 206
313 96
480 735
592 746
278 178
0 681
612 777
244 276
