431 657
385 125
995 294
374 689
994 312
391 682
411 640
795 707
875 259
384 95
1000 274
1000 283
328 89
385 671
1000 300
968 310
982 302
876 677
822 282
400 652
338 109
800 271
802 682
361 103
370 677
983 282
798 705
332 108
355 671
428 669
329 47
1000 270
811 709
820 276
997 295
823 726
810 695
991 311
846 283
825 292
377 672
808 745
793 714
805 707
838 273
987 322
993 297
830 247
799 678
1000 295
858 299
387 601
316 85
1000 289
811 294
996 310
374 626
393 653
832 274
413 641
307 84
312 85
396 648
863 275
439 708
974 305
988 276
832 275
990 300
797 671
415 655
397 683
306 118
834 296
959 302
400 664
440 671
967 290
983 310
409 655
818 705
790 732
1000 277
779 681
967 290
809 728
833 678
842 288
844 255
863 292
432 668
336 112
850 715
380 721
402 690
350 68
416 707
319 111
983 291
846 675
845 683
356 114
862 252
419 671
323 98
366 672
369 117
839 245
1000 293
964 331
828 701
1000 335
353 130
391 667
1000 311
843 280
998 317
1000 291
424 662
342 81
865 249
857 710
440 654
386 76
822 759
308 106
304 93
310 97
408 639
850 302
797 716
270 111
844 685
850 252
396 693
893 280
977 278
321 83
367 121
995 322
838 679
320 98
870 234
869 280
1000 276
874 264
387 99
823 689
430 693
321 86
837 257
830 713
343 105
1000 321
878 280
341 79
863 246
430 654
1000 304
811 766
989 302
371 109
323 152
982 291
354 118
401 657
1000 302
803 256
326 99
318 103
990 292
857 262
997 269
798 689
789 711
992 300
823 678
972 291
356 106
864 268
831 334
869 291
312 116
835 718
401 664
324 116
830 693
323 139
806 673
837 260
831 278
817 695
989 302
435 611
305 127
832 679
397 664
342 74
825 674
839 715
423 661
409 666
354 686
365 76
829 705
834 268
793 728
843 257
813 705
823 701
851 643
876 289
856 258
409 664
412 698
972 342
399 658
434 670
976 277
962 311
797 685
296 67
385 652
380 660
347 115
813 689
398 631
813 701
796 700
1000 310
1000 275
411 644
781 731
418 648
808 263
821 259
341 82
306 97
989 285
859 254
956 259
784 726
857 297
391 646
416 674
380 643
403 647
843 297
1000 336
827 277
1000 300
303 125
417 661
1000 314
870 275
999 297
814 694
397 640
415 669
320 101
833 700
388 630
983 266
780 250
970 315
340 119
981 231
830 704
839 679
874 698
987 309
817 263
318 83
390 687
340 81
878 294
824 259
766 692
418 618
389 625
807 681
838 238
838 278
981 309
395 688
413 668
391 634
323 129
962 272
805 299
310 126
318 88
398 677
358 137
849 315
964 272
989 295
820 286
849 707
829 258
992 286
832 725
821 288
1000 297
860 264
1000 300
351 88
333 118
991 288
347 59
379 697
412 660
829 264
410 667
403 658
392 114
433 667
807 696
298 114
359 83
874 724
994 324
360 95
331 103
425 644
371 89
333 126
839 266
800 709
961 276
383 692
411 671
417 669
824 727
977 307
317 111
996 302
803 254
421 642
881 293
422 651
822 271
815 665
818 691
409 642
411 689
426 613
395 656
336 100
368 637
840 693
823 266
1000 329
349 100
336 99
326 108
838 268
1000 258
819 674
842 729
829 253
411 637
781 720
991 307
826 714
873 270
828 250
814 710
1000 285
834 256
813 715
847 263
806 714
814 711
1000 289
878 267
428 676
392 693
853 270
824 290
860 319
379 685
809 710
318 122
365 85
401 687
1000 338
354 95
1000 285
345 94
861 266
414 659
428 609
317 99
838 704
300 83
851 669
1000 311
993 327
338 85
1000 306
807 669
822 261
839 296
837 690
850 290
834 278
878 274
409 641
827 279
335 73
987 312
846 257
820 706
389 670
837 292
814 718
316 83
335 100
1000 278
987 283
982 281
423 674
851 276
962 310
385 684
396 648
370 72
333 118
856 294
992 312
851 235
308 111
857 693
991 316
826 739
404 678
1000 305
837 710
816 734
841 265
823 314
329 125
856 293
349 79
998 278
358 57
837 266
423 640
817 289
399 670
855 292
856 272
982 271
988 271
834 720
1000 303
309 90
333 101
825 708
365 646
793 711
335 79
406 656
841 669
345 114
335 90
331 93
1000 329
816 279
308 136
399 652
1000 260
870 264
297 123
880 692
436 653
974 316
818 730
861 235
403 656
992 261
339 88
844 290
988 329
866 280
796 688
819 666
851 269
340 71
342 155
819 720
816 281
820 252
411 665
981 312
1000 281
403 691
417 701
418 678
1000 327
864 740
852 292
989 295
369 661
838 255
1000 284
995 330
348 103
987 313
320 117
818 278
878 293
1000 304
370 689
834 693
992 315
306 91
386 619
1000 301
352 85
424 655
853 289
367 115
316 90
408 644
823 264
994 296
333 114
457 618
329 98
332 71
433 708
792 723
375 655
870 255
437 665
1000 297
859 268
781 678
322 93
807 261
835 695
974 295
859 730
980 310
812 680
856 300
991 296
407 682
1000 266
820 702
983 288
808 299
856 265
338 79
362 92
836 303
320 51
834 284
825 267
355 103
332 122
375 129
366 703
331 90
351 117
836 725
438 654
399 658
355 89
410 705
808 277
857 255
987 271
399 623
817 686
400 649
827 719
958 334
840 693
328 113
970 305
380 128
399 708
399 652
989 301
831 291
1000 285
798 718
399 631
823 281
982 295
980 273
285 109
837 676
839 709
834 269
414 637
823 719
987 284
345 108
780 713
975 302
858 293
852 274
982 293
858 705
865 279
347 122
835 718
845 263
975 288
328 99
829 718
309 72
353 103
323 82
394 668
781 687
808 666
851 696
814 685
789 743
380 675
815 256
1000 273
967 307
852 269
377 647
822 289
412 661
405 649
851 272
393 694
381 656
826 283
834 304
995 299
811 706
412 661
994 279
995 295
827 278
1000 303
809 712
832 666
371 102
1000 295
864 293
862 286
1000 285
787 700
419 642
1000 289
978 320
857 252
847 312
877 249
989 315
307 125
431 656
384 640
405 667
830 712
405 653
942 309
977 297
791 669
999 293
418 635
852 292
401 686
832 702
973 307
333 105
804 682
402 645
1000 289
987 303
408 660
989 318
1000 318
448 670
1000 328
1000 284
979 282
1000 299
305 117
422 634
1000 309
1000 274
329 124
334 63
395 669
976 314
840 269
804 301
827 704
363 682
847 298
845 274
326 130
785 655
980 273
829 303
367 90
859 245
1000 281
332 110
1000 308
981 333
340 119
341 88
824 280
823 280
801 676
998 257
850 689
1000 312
370 102
313 124
825 721
336 91
833 255
831 273
1000 331
330 88
345 109
382 674
429 664
852 302
804 700
999 291
978 243
842 286
832 247
316 104
402 659
326 90
351 98
1000 285
843 260
433 657
807 684
809 259
853 700
423 646
1000 309
806 277
853 270
442 689
840 709
365 108
826 266
848 268
409 666
850 302
807 686
415 665
342 133
835 271
803 705
798 722
394 653
994 281
989 316
784 672
803 274
443 655
800 678
813 678
788 716
865 247
852 730
407 674
965 305
985 333
847 280
376 618
872 249
805 245
1000 302
1000 300
306 87
872 301
844 286
802 707
830 265
1000 303
787 645
1000 277
848 291
398 649
827 684
1000 304
872 267
835 683
992 301
831 716
345 106
813 255
350 120
820 269
886 297
1000 277
959 285
829 680
313 78
357 54
831 692
301 113
1000 294
866 272
808 723
999 279
442 658
1000 260
334 89
999 277
826 698
379 114
835 710
819 277
341 138
805 681
833 278
1000 282
348 147
824 715
845 680
856 272
364 104
814 699
860 286
357 658
363 62
819 278
403 668
828 285
1000 272
985 320
354 80
333 134
996 275
833 703
407 645
372 700
322 87
348 89
814 713
833 698
428 682
391 652
427 667
343 80
291 88
813 723
815 269
436 650
848 304
848 268
837 268
991 325
439 662
997 308
1000 326
864 275
404 656
408 682
986 294
374 665
778 717
813 678
975 315
847 268
814 673
340 87
796 693
415 656
980 309
426 651
373 644
1000 306
389 641
870 239
397 640
339 72
378 104
379 659
358 113
1000 300
338 98
417 674
981 313
382 653
423 664
1000 298
345 86
419 655
326 101
853 281
371 92
335 93
329 124
834 714
1000 282
870 270
1000 309
823 731
394 677
834 275
307 116
402 638
838 271
310 87
802 676
977 301
865 265
856 256
854 280
999 284
808 721
310 88
819 699
1000 265
847 257
789 304
832 711
360 113
310 108
336 78
431 675
843 273
332 125
984 315
411 645
318 92
381 669
409 648
896 298
361 92
853 298
1000 298
342 101
819 704
397 620
341 120
339 77
841 290
843 287
344 132
866 269
366 86
852 304
426 671
338 108
813 700
817 722
836 252
327 90
327 94
852 705
319 126
984 308
868 726
327 116
326 104
1000 283
832 726
974 308
296 128
316 103
387 683
311 81
858 276
1000 323
857 284
990 316
364 83
406 674
849 673
1000 309
389 665
351 76
808 273
819 693
400 697
793 264
335 116
372 91
813 280
322 72
870 305
399 634
303 87
816 260
434 703
842 729
845 259
1000 327
1000 284
362 88
818 747
322 125
341 109
326 117
344 108
991 295
810 679
414 650
458 654
990 299
980 261
880 292
396 639
853 703
869 297
994 269
388 664
336 116
979 294
1000 299
975 287
832 688
326 102
850 255
340 74
850 282
809 674
791 698
1000 302
387 705
843 304
444 680
1000 314
332 122
851 286
865 718
828 702
834 285
362 76
343 93
801 694
416 632
968 310
873 286
328 94
821 685
828 724
321 146
399 696
871 241
841 269
822 681
380 662
832 267
986 317
834 285
453 650
802 714
401 649
1000 322
788 669
416 668
808 694
831 268
990 333
1000 306
860 287
357 85
801 727
319 120
329 95
820 277
369 677
349 91
846 269
1000 286
354 69
828 261
333 116
329 119
354 111
374 682
818 710
401 652
833 694
385 704
861 282
451 669
771 731
985 285
350 75
415 647
307 90
825 722
448 650
428 651
356 106
825 265
323 84
406 663
366 62
353 92
812 741
994 330
1000 333
868 288
783 694
337 113
393 681
782 697
811 698
337 67
875 268
842 686
328 89
396 668
882 279
314 89
457 676
972 280
825 715
437 670
805 714
852 309
401 662
397 667
980 286
336 88
1000 260
792 708
879 274
802 695
411 673
324 139
805 720
851 271
830 682
844 288
394 691
442 652
419 653
825 745
863 316
985 292
352 115
337 126
397 617
830 275
1000 302
831 680
363 89
1000 296
428 684
988 295
353 113
417 674
403 691
398 642
814 725
850 278
354 95
841 277
999 271
832 707
1000 317
298 89
421 672
322 109
825 671
339 88
318 99
351 77
800 689
835 287
354 95
357 104
313 125
1000 290
396 650
405 669
828 719
806 696
866 283
389 650
812 678
999 288
1000 282
1000 301
842 690
828 683
821 688
858 691
341 123
837 700
424 663
949 298
384 641
1000 301
845 287
867 218
819 270
432 671
349 143
418 689
833 688
418 665
355 89
1000 312
836 269
786 712
395 667
804 689
412 688
323 93
1000 314
1000 309
413 653
765 305
801 740
396 629
440 657
348 87
391 677
400 665
803 723
987 262
833 269
973 278
856 270
801 681
438 678
339 85
870 234
878 257
883 311
421 678
839 704
381 638
985 272
813 682
797 716
827 714
828 727
824 323
806 731
829 691
994 292
842 234
405 658
998 246
824 281
315 113
822 280
870 707
1000 286
834 266
992 302
420 656
1000 336
829 693
408 642
322 97
981 291
846 306
392 648
802 302
864 262
422 629
818 711
814 706
438 672
411 641
394 681
859 265
1000 316
326 79
972 297
1000 296
435 691
358 99
1000 313
833 723
849 266
307 97
1000 297
338 97
389 646
387 700
362 104
850 287
1000 305
424 692
848 696
350 93
845 279
808 649
1000 309
834 274
846 694
814 707
856 280
831 273
891 283
375 672
308 86
329 103
768 712
993 321
847 240
331 86
800 654
981 324
994 273
331 69
783 733
356 104
855 243
406 646
823 283
1000 297
862 690
778 725
827 276
368 646
969 294
343 84
869 285
801 721
825 257
337 117
851 710
822 311
988 302
831 241
831 726
1000 293
865 696
447 679
328 100
426 674
832 709
976 291
850 275
853 721
821 669
965 281
427 664
825 691
955 291
331 98
436 671
387 638
863 251
793 698
424 655
839 273
426 661
828 690
399 679
824 253
820 705
794 697
857 286
836 282
849 253
386 668
842 248
373 96
449 678
798 735
819 673
840 246
968 266
808 690
327 129
398 655
397 677
871 255
1000 309
997 299
962 273
835 686
385 654
999 324
1000 288
1000 314
982 307
366 85
854 708
417 667
348 71
984 313
804 674
1000 291
834 256
351 107
812 704
387 669
359 131
348 81
832 697
824 727
344 117
834 290
402 665
408 682
811 707
835 663
1000 307
845 238
371 704
848 291
1000 287
1000 336
993 309
821 680
421 652
833 284
1000 279
969 277
961 276
392 696
990 279
851 259
791 724
785 689
347 86
861 667
862 295
375 675
988 310
990 303
839 699
435 658
846 277
424 677
851 704
320 68
395 666
432 670
420 660
398 673
411 651
1000 343
417 669
432 659
862 262
801 260
817 697
838 707
381 677
828 275
330 118
374 85
815 711
376 78
410 717
1000 326
379 696
1000 304
832 726
356 79
845 691
314 122
828 281
862 277
323 118
992 288
801 679
353 101
1000 288
821 723
344 123
326 124
805 712
969 287
412 678
1000 276
322 92
428 619
340 85
348 134
979 308
385 78
391 663
385 674
395 706
360 94
419 704
341 91
990 272
878 231
330 90
426 666
315 86
885 276
346 93
363 669
442 640
994 282
971 319
390 668
400 659
375 81
806 687
829 704
772 673
379 656
1000 273
1000 287
1000 296
848 706
792 719
1000 278
405 670
1000 303
822 272
390 669
817 739
362 70
396 103
841 285
830 268
857 695
327 135
400 683
283 126
341 79
871 284
808 690
326 128
969 292
825 306
803 255
295 76
771 681
833 206
998 260
840 270
825 669
807 700
990 303
378 613
985 273
849 719
1000 317
437 660
823 296
1000 301
966 245
835 257
865 308
820 719
776 694
831 722
351 94
440 683
358 101
335 88
1000 288
971 306
794 700
866 264
1000 301
1000 275
836 293
835 251
792 712
811 297
435 660
972 304
979 304
1000 309
340 58
350 107
780 698
417 638
972 291
312 104
1000 287
1000 309
353 100
870 267
426 651
849 239
833 714
784 676
427 715
833 709
998 303
429 674
1000 314
855 243
847 311
420 688
808 286
420 678
393 679
393 654
874 275
369 88
792 675
824 299
806 685
800 693
795 690
378 93
832 730
358 91
779 716
324 130
1000 302
813 273
1000 310
406 615
394 688
864 282
325 72
389 645
980 261
802 693
1000 294
348 99
313 74
391 648
805 703
842 280
998 264
838 305
974 288
869 292
1000 268
999 296
988 301
813 277
819 289
389 648
372 111
1000 302
404 703
1000 300
316 138
978 286
768 672
808 712
333 118
827 699
366 111
976 309
329 122
884 286
333 141
811 701
814 709
332 115
980 291
321 144
405 668
848 249
409 621
357 82
849 282
380 77
361 117
370 101
422 641
999 344
828 708
823 718
821 694
395 648
344 160
801 711
812 704
337 92
419 648
311 84
862 684
433 690
341 66
852 269
325 120
414 660
350 122
286 120
795 667
370 663
850 262
401 681
839 706
808 720
357 134
314 118
875 274
869 299
1000 301
1000 313
871 281
1000 304
1000 297
1000 313
995 270
406 640
838 272
852 711
816 726
821 718
814 719
340 90
827 708
363 632
827 717
997 249
436 647
812 704
1000 288
771 700
1000 304
351 96
821 681
350 148
1000 284
335 70
807 272
811 696
854 684
357 97
417 709
807 256
858 275
806 705
358 75
862 239
344 102
822 281
422 670
801 717
822 230
414 641
816 702
372 642
300 85
834 675
898 294
329 88
820 296
306 96
793 670
991 272
411 612
846 251
368 636
806 702
821 733
415 671
409 686
841 677
841 267
964 285
842 321
829 286
841 729
790 747
425 653
308 124
806 709
408 671
387 668
403 651
401 644
995 280
365 92
437 680
849 294
1000 329
377 666
799 681
327 69
981 296
334 120
390 672
809 730
319 113
401 676
837 259
836 258
969 301
329 109
822 286
400 724
835 252
322 101
995 280
357 79
402 648
825 696
822 705
407 677
343 89
840 663
836 294
841 710
333 79
872 308
341 108
333 92
330 121
799 694
1000 294
977 337
388 707
386 676
440 631
855 274
835 293
826 287
852 263
980 294
835 262
335 85
997 296
394 676
320 120
1000 340
827 718
424 647
822 296
819 664
987 297
332 148
324 74
816 734
398 667
278 110
794 293
979 307
1000 327
412 652
1000 277
839 298
794 729
1000 306
1000 285
1000 272
351 109
815 738
980 280
433 665
790 671
357 145
374 76
869 311
387 653
865 280
820 297
828 707
340 92
866 270
809 718
382 649
397 657
336 98
854 278
877 284
395 679
325 120
843 711
377 676
836 283
809 692
819 271
845 704
964 290
315 102
874 292
856 244
984 297
415 668
851 284
337 61
997 273
1000 285
812 717
847 281
355 83
357 85
997 293
834 683
846 285
851 285
339 136
342 115
1000 279
851 284
334 89
1000 309
1000 299
818 717
431 669
321 76
402 708
323 86
380 651
395 665
841 304
864 258
328 128
356 110
402 658
336 101
445 689
418 654
858 263
310 76
783 703
341 141
325 100
986 315
421 667
330 78
340 64
336 62
1000 320
1000 302
829 750
337 64
991 272
986 308
878 307
868 286
844 708
323 95
853 711
981 302
862 259
296 84
815 318
410 667
836 268
383 77
821 733
991 282
427 623
841 280
793 691
814 719
347 87
813 700
995 305
851 290
836 705
800 667
856 235
864 263
416 615
980 346
400 640
303 101
406 639
991 289
357 97
1000 255
989 275
1000 258
431 667
1000 295
797 688
825 244
808 710
825 700
354 96
407 683
373 699
842 296
810 682
343 94
389 672
812 234
991 303
817 285
791 715
304 71
386 104
801 656
391 647
824 290
963 313
874 257
990 282
345 113
310 104
391 650
985 276
305 77
360 656
773 676
350 87
879 270
378 661
974 269
815 717
1000 298
364 666
981 293
981 315
996 293
318 74
1000 306
360 104
1000 327
428 665
845 262
801 720
847 281
810 711
815 692
839 255
385 703
854 309
1000 315
375 647
425 662
845 308
809 703
979 306
814 295
988 310
884 264
1000 297
414 649
1000 242
415 674
856 281
995 276
845 253
399 651
871 275
347 115
785 708
407 664
1000 297
966 254
851 269
366 668
967 272
872 737
803 721
343 74
415 644
992 301
1000 316
418 676
816 281
986 306
840 259
364 105
843 246
968 311
822 272
824 704
818 722
423 650
843 265
978 296
846 707
870 272
1000 310
312 122
837 681
351 86
318 141
347 129
354 126
1000 281
827 266
338 111
395 662
989 293
334 80
283 114
823 294
798 701
390 674
421 687
851 273
413 676
412 692
813 712
341 84
819 715
1000 281
828 683
783 710
814 682
311 107
984 283
357 103
784 727
960 319
802 257
328 73
350 103
871 283
960 311
840 276
423 680
812 268
982 305
415 663
1000 330
384 644
310 91
369 100
862 274
836 273
822 266
845 247
842 262
887 254
831 719
844 264
341 61
401 679
418 677
373 78
841 286
342 82
415 661
854 283
816 701
979 290
420 684
349 74
835 701
369 106
344 105
370 655
401 671
389 651
1000 290
369 91
859 707
396 655
981 301
393 667
866 708
320 98
988 319
1000 277
420 671
862 235
389 675
378 657
414 713
418 650
987 300
331 139
976 292
342 96
343 104
819 700
1000 308
860 273
848 719
814 716
420 676
399 660
375 645
351 59
1000 299
382 685
824 286
867 291
346 90
322 84
1000 278
845 240
308 93
981 337
798 727
371 642
348 93
871 265
837 675
820 695
807 703
983 274
336 64
845 261
966 260
353 99
411 634
307 126
813 262
802 701
334 72
418 640
963 287
798 723
386 672
809 699
427 682
874 239
343 103
423 687
859 240
329 83
393 667
840 724
398 651
359 82
999 267
405 642
362 662
383 680
388 653
398 667
380 650
845 722
988 272
816 664
361 55
1000 316
860 279
381 676
847 740
334 87
384 675
1000 304
831 706
834 289
826 278
1000 290
1000 308
351 96
325 119
318 89
342 64
974 309
1000 293
372 675
973 272
830 687
868 272
1000 314
360 687
433 680
1000 309
999 245
846 263
805 263
378 672
379 665
832 712
397 654
842 235
849 249
803 699
343 88
881 316
1000 290
393 651
826 285
975 315
999 297
810 728
359 95
325 103
844 261
1000 314
1000 297
325 109
349 95
412 686
428 661
800 699
348 123
345 89
814 720
1000 274
999 272
320 75
372 104
845 280
325 113
821 255
1000 294
449 683
997 340
999 328
810 685
371 676
816 285
440 664
328 77
337 91
850 267
1000 275
847 258
383 622
316 106
854 272
333 82
432 658
442 660
862 296
327 102
847 276
392 661
431 691
335 76
996 271
806 687
363 122
356 120
379 681
989 273
859 310
831 706
1000 269
409 667
815 248
451 644
833 711
855 299
784 759
384 663
393 631
790 716
357 102
801 687
1000 335
860 262
1000 305
836 699
354 108
846 295
315 71
437 643
398 650
393 661
843 277
354 104
386 656
845 689
416 668
321 117
381 669
409 678
1000 276
380 99
859 274
842 258
836 718
377 97
855 271
1000 332
435 655
793 717
398 644
824 689
851 276
421 654
798 687
889 284
823 254
955 315
1000 306
860 274
1000 289
350 672
870 693
849 687
401 636
848 288
744 699
993 260
349 84
812 697
355 96
834 284
978 328
853 256
335 110
309 102
976 288
1000 319
307 84
830 697
930 306
861 260
834 693
404 616
985 346
822 312
965 276
423 648
397 661
813 702
412 699
980 318
1000 280
979 269
824 690
312 79
819 714
808 690
797 723
953 295
406 630
969 298
822 705
1000 327
853 696
851 684
977 294
860 255
365 96
360 662
384 648
998 296
831 260
798 666
994 309
835 697
825 719
355 123
836 284
1000 342
363 68
422 667
861 282
294 99
366 85
317 82
783 696
819 709
834 271
326 77
437 653
410 676
824 719
826 315
356 104
782 689
811 281
814 685
829 700
418 641
344 104
852 266
1000 280
1000 291
847 286
788 679
998 281
315 81
838 685
399 659
826 278
393 646
336 86
819 268
829 291
1000 290
344 137
815 709
826 724
808 704
845 675
863 261
404 656
998 306
844 250
338 90
866 310
811 713
990 283
820 226
844 288
307 68
984 330
866 312
989 313
386 642
814 707
833 241
816 261
786 688
314 53
1000 303
829 721
1000 286
836 690
416 627
306 129
328 131
340 71
324 99
404 705
810 676
413 662
953 303
860 267
831 683
789 703
1000 245
360 97
985 286
412 674
344 82
410 649
990 278
440 651
1000 274
312 121
332 121
819 712
352 71
839 248
343 88
802 706
992 283
811 706
1000 288
299 113
805 701
851 266
853 301
986 304
831 260
1000 314
815 287
345 74
800 703
794 663
330 104
1000 297
380 641
980 320
982 303
791 698
834 288
833 710
819 287
845 706
843 289
798 693
1000 337
418 626
862 272
384 661
977 291
317 116
975 329
816 696
820 710
820 706
828 712
387 635
310 91
385 64
834 714
808 697
825 695
354 81
814 704
375 656
816 682
1000 323
417 660
835 307
368 652
801 697
841 274
311 79
838 709
840 268
823 684
389 698
981 297
981 280
1000 284
871 268
984 298
998 296
839 292
796 704
830 738
426 657
423 685
866 233
1000 296
342 98
1000 296
323 113
813 689
341 89
446 665
336 111
339 84
838 693
852 273
1000 315
371 636
810 244
337 82
429 657
999 307
853 271
999 298
978 296
802 703
321 127
988 325
356 77
981 304
842 722
957 282
421 646
1000 310
816 710
794 682
1000 304
823 297
321 78
813 695
313 100
861 257
992 275
833 264
855 239
334 80
308 113
384 649
836 283
351 112
404 695
395 659
829 276
866 271
405 668
423 669
368 628
803 692
814 693
1000 318
856 257
414 666
331 92
414 671
981 308
850 282
824 268
432 692
790 726
1000 309
838 261
953 277
339 104
1000 309
795 707
351 125
822 705
340 80
372 677
412 675
837 247
969 292
342 62
330 105
822 711
986 283
380 675
866 294
389 637
412 657
982 315
813 695
328 107
835 264
351 80
389 111
432 680
819 264
995 274
815 269
835 708
336 96
361 99
814 715
357 91
414 660
804 254
862 283
405 660
801 724
793 685
311 63
441 684
801 282
356 678
439 662
813 743
807 704
856 241
811 306
793 718
350 680
368 96
810 735
864 268
999 310
798 712
360 97
420 637
989 310
821 674
809 708
437 694
410 666
419 685
807 241
1000 279
340 114
817 694
991 304
330 126
438 680
341 123
801 670
825 692
862 273
797 678
836 281
1000 292
425 639
344 79
401 643
408 672
330 63
807 718
431 670
332 60
422 675
832 685
849 298
300 141
423 626
294 114
860 257
335 128
414 635
808 718
822 716
345 116
332 106
835 698
828 656
955 302
848 294
310 75
1000 316
857 281
318 79
999 285
866 256
979 294
818 276
406 654
408 668
815 734
325 87
1000 310
382 680
388 661
869 247
419 682
792 705
848 696
371 661
806 704
839 262
836 711
823 677
835 228
863 241
978 269
828 287
838 262
810 717
826 288
821 736
423 659
419 605
805 667
320 78
839 291
976 318
340 93
311 98
410 675
323 81
1000 280
398 634
824 688
405 655
975 290
380 644
1000 309
828 690
359 74
871 281
817 722
437 699
319 110
348 109
1000 309
1000 320
426 667
334 117
343 126
370 674
333 93
991 280
784 704
837 286
832 702
846 761
413 669
356 91
356 94
339 136
409 689
415 665
819 270
1000 276
798 695
993 287
984 346
994 282
829 707
1000 269
823 680
1000 313
342 103
319 89
835 692
994 292
809 716
334 84
348 84
860 241
827 301
841 257
350 60
1000 291
403 659
821 745
823 731
835 297
807 728
425 677
841 304
342 89
396 639
340 116
1000 331
426 654
837 680
950 333
887 306
985 299
821 306
321 101
407 688
809 700
856 248
856 269
848 683
834 701
318 108
361 110
409 696
410 665
796 692
854 264
414 671
329 108
793 700
851 293
838 329
986 305
845 261
419 698
843 720
345 113
309 75
977 310
1000 314
336 95
407 709
839 265
845 712
791 703
795 701
861 282
342 130
345 103
856 679
814 703
823 708
992 276
801 707
333 88
843 290
328 96
875 714
829 279
828 708
818 699
973 246
1000 317
799 719
382 658
990 296
999 315
780 703
408 654
429 683
813 741
369 77
875 258
344 81
815 240
977 321
304 94
833 244
820 678
842 715
347 85
350 90
857 680
819 698
334 136
805 694
982 328
860 257
848 736
948 337
813 700
421 649
335 143
838 267
860 288
355 145
792 260
361 123
833 259
999 308
394 661
342 78
1000 282
417 642
318 112
414 647
322 102
815 708
1000 310
835 661
830 267
393 669
343 139
1000 299
802 718
354 104
377 655
395 673
989 278
1000 299
981 337
375 648
992 318
794 714
772 666
315 113
787 717
995 266
799 264
849 241
880 282
801 695
981 305
337 81
353 150
310 115
816 725
856 303
981 300
859 282
1000 299
349 110
349 82
330 87
334 93
813 684
820 255
350 104
806 672
426 672
861 259
821 291
824 325
970 324
1000 302
810 711
371 75
847 291
828 723
802 722
822 728
332 133
435 628
847 293
404 684
979 287
844 321
836 682
811 269
421 650
393 668
994 293
338 107
335 104
337 96
339 75
817 290
340 90
330 96
329 92
417 671
346 115
1000 286
800 645
966 322
1000 279
982 301
980 302
407 642
409 659
353 124
359 65
820 655
402 633
977 282
1000 266
854 306
1000 297
798 705
413 665
838 283
804 296
799 286
864 291
822 691
378 682
818 306
437 654
819 726
809 705
819 709
870 701
337 89
999 290
820 716
841 305
320 99
985 317
829 734
323 70
360 122
842 679
846 297
827 296
1000 298
378 114
821 725
392 640
846 270
789 699
982 328
335 79
822 723
817 718
317 85
1000 279
792 722
846 260
430 676
396 690
1000 319
807 678
323 88
998 318
982 297
402 662
976 302
1000 272
801 695
831 691
398 671
831 730
823 712
331 108
345 87
986 300
1000 272
872 274
998 292
976 309
331 130
420 678
955 328
1000 320
842 271
822 733
404 655
987 320
816 274
378 92
990 329
837 326
840 705
991 301
1000 293
825 704
845 691
830 306
975 305
824 718
878 298
340 85
816 697
817 674
411 662
814 730
827 267
847 701
405 668
828 676
313 101
877 259
405 642
856 279
360 626
997 286
418 650
357 91
319 81
409 656
821 715
341 101
1000 297
872 241
354 115
399 665
348 64
1000 299
333 115
357 95
1000 308
301 90
795 282
362 126
986 284
335 74
318 88
1000 298
1000 304
412 669
339 81
386 669
999 319
1000 288
1000 276
391 616
329 95
419 651
351 88
348 75
975 287
996 311
845 242
348 75
398 655
379 650
987 252
819 683
331 116
364 97
856 660
397 643
821 712
1000 291
1000 284
390 659
868 284
823 708
857 271
999 308
384 674
805 668
811 286
855 271
383 630
408 663
843 692
385 623
854 280
400 642
989 282
842 689
389 656
812 665
832 706
387 669
407 677
825 685
811 728
845 289
410 685
976 297
833 271
387 617
304 99
332 107
812 686
421 655
834 715
343 97
826 723
388 679
816 289
994 286
854 268
822 726
844 276
347 53
1000 287
317 106
432 686
799 690
816 726
1000 304
846 276
803 712
346 91
795 686
970 315
840 282
399 680
877 293
854 280
426 651
996 285
418 642
817 681
812 762
399 643
989 304
858 260
1000 301
361 73
376 655
356 151
324 114
959 266
808 685
975 289
1000 269
1000 332
376 659
398 644
854 279
826 271
857 275
852 255
431 684
941 299
995 336
784 764
889 287
358 93
326 78
817 726
350 105
828 715
340 60
363 92
786 723
821 692
855 300
991 301
874 281
402 657
307 67
831 263
884 295
851 297
798 679
794 720
356 113
432 711
802 709
342 103
851 678
839 276
853 298
813 276
980 324
988 259
418 673
822 264
1000 291
822 253
790 716
1000 285
836 720
977 322
357 674
411 693
390 709
406 694
355 97
365 663
406 665
863 318
966 283
1000 307
842 739
1000 310
327 72
329 117
387 637
843 289
844 680
986 305
417 641
813 666
823 698
974 309
854 257
393 654
308 72
827 283
832 727
979 307
887 281
316 79
817 678
991 304
813 718
848 689
357 109
849 726
845 298
812 690
320 92
848 276
327 109
838 744
835 297
824 256
843 232
325 126
1000 273
417 658
788 694
836 711
1000 306
825 244
833 718
351 122
819 288
404 684
990 271
1000 292
393 651
367 687
325 109
792 692
321 112
291 107
831 677
335 95
986 296
344 79
1000 307
334 119
881 247
1000 310
1000 289
836 279
996 326
342 86
412 671
324 106
301 114
813 287
827 693
1000 341
841 273
321 119
320 117
825 263
807 763
976 277
1000 258
993 317
813 690
998 305
1000 268
342 100
332 103
824 737
825 714
381 661
394 682
405 656
426 654
952 313
368 667
1000 266
383 670
849 729
971 303
408 642
342 73
972 299
344 136
407 626
830 290
365 93
829 282
369 57
330 95
850 263
392 686
794 711
852 252
335 83
982 268
834 263
1000 300
1000 321
328 120
858 272
824 274
831 260
807 749
815 713
990 329
833 236
888 271
816 318
841 302
806 744
416 662
461 648
823 698
980 305
401 644
1000 294
859 293
980 305
332 87
1000 297
382 694
819 676
322 70
415 642
407 670
828 699
1000 307
811 758
819 700
877 265
863 256
982 274
310 95
388 641
817 705
875 256
822 280
828 284
395 657
842 281
428 682
834 281
836 698
812 657
824 720
849 275
994 264
324 76
375 649
972 300
883 276
846 278
441 650
815 695
839 653
996 290
796 287
427 701
787 695
995 277
815 277
795 684
370 625
418 641
361 692
849 273
832 264
808 674
823 701
846 683
991 311
350 73
322 58
855 290
839 282
388 709
826 699
816 671
404 655
817 714
993 285
805 668
837 247
387 678
985 306
426 639
876 267
385 700
420 672
336 97
332 66
347 120
423 655
816 711
849 250
423 629
824 697
1000 331
401 715
817 685
827 251
799 681
826 287
1000 303
332 112
323 115
834 719
821 312
829 316
390 644
812 713
805 708
841 293
861 238
838 285
993 289
814 716
984 319
995 304
988 333
978 264
822 711
410 663
372 75
857 305
859 281
811 678
1000 272
375 97
415 666
830 292
828 708
996 299
854 285
310 121
370 113
757 665
975 342
981 312
997 305
398 646
804 290
796 719
795 674
879 235
841 257
995 274
781 700
845 693
338 86
370 96
830 690
792 705
985 283
420 652
841 278
808 687
821 726
832 725
404 687
880 247
826 322
793 700
812 721
814 244
968 309
982 314
1000 311
429 690
858 703
851 272
359 127
859 280
834 288
1000 304
797 689
821 698
838 257
835 280
969 323
357 118
844 292
457 662
843 293
417 657
794 666
813 249
829 681
331 73
1000 287
345 66
822 677
984 322
824 234
378 660
344 85
1000 320
296 92
835 288
992 288
837 274
332 93
392 647
800 701
395 676
849 313
987 307
425 659
380 92
828 707
415 659
1000 314
997 338
1000 307
969 277
331 113
864 298
845 255
403 657
986 280
399 656
854 242
327 79
831 719
812 695
391 686
426 690
411 659
325 113
380 650
342 48
826 693
834 703
994 285
993 291
812 283
839 265
395 632
976 314
434 675
351 100
857 297
355 89
369 678
422 665
999 289
969 273
352 78
786 689
389 662
306 104
888 277
816 670
399 627
368 695
814 722
841 263
810 695
831 711
856 294
815 702
393 635
398 632
848 703
869 284
413 686
830 264
814 724
414 670
311 91
339 106
804 715
410 646
426 622
849 296
431 668
340 112
865 269
338 114
814 716
862 237
808 709
435 657
823 717
431 661
382 640
316 82
816 701
401 653
788 746
383 693
826 266
371 672
337 100
816 695
1000 290
954 293
1000 318
333 66
810 749
969 315
887 240
1000 322
397 683
424 665
965 304
320 91
337 91
838 261
386 672
301 86
850 677
816 689
869 261
853 282
996 282
412 651
827 297
352 57
808 264
837 286
977 298
398 640
985 304
817 728
990 306
970 264
324 111
400 650
1000 320
829 715
371 100
796 717
992 310
955 254
418 646
398 667
830 678
389 100
864 290
429 684
988 312
788 692
1000 250
992 275
425 668
399 658
420 671
1000 318
842 277
393 671
970 342
386 649
847 705
783 713
999 295
841 683
318 107
804 693
788 688
809 738
823 717
411 646
846 278
334 85
815 675
1000 336
361 78
330 72
360 99
988 298
302 43
828 293
991 272
997 330
411 673
337 95
866 269
1000 308
333 81
848 236
1000 286
833 254
824 688
775 727
334 115
416 682
1000 325
833 732
340 71
867 306
392 637
862 285
984 298
420 696
377 78
808 254
853 296
830 705
981 305
412 670
815 268
854 261
812 726
822 701
316 98
976 334
832 286
385 646
957 304
347 126
805 719
386 635
369 96
417 649
850 298
411 659
844 720
867 260
1000 288
409 645
869 258
826 711
839 297
387 639
334 98
375 639
872 694
385 662
794 298
314 115
998 280
392 657
820 709
966 285
822 650
968 280
314 103
998 286
850 241
1000 287
829 672
803 710
973 315
845 299
959 291
346 103
344 131
337 109
393 662
990 299
968 279
349 83
334 70
860 266
420 640
825 690
331 101
396 701
807 284
383 678
836 276
320 107
345 81
1000 304
411 673
385 691
826 296
404 666
337 98
1000 291
337 81
847 269
401 624
848 308
844 269
844 270
828 686
818 683
407 630
988 281
299 129
392 653
393 682
410 697
808 697
333 91
823 293
319 78
426 629
850 272
321 120
368 128
784 706
296 90
435 657
821 273
804 689
999 282
991 327
386 104
803 733
390 651
993 306
803 724
995 304
375 113
320 105
371 627
361 98
424 637
903 267
988 273
335 95
830 254
974 299
843 685
352 82
1000 293
417 694
982 260
830 737
356 103
1000 297
456 664
395 653
417 675
793 719
796 731
825 725
396 659
327 139
407 690
316 129
834 694
335 115
1000 297
994 290
984 307
806 285
1000 285
848 264
807 690
823 279
1000 283
764 701
404 661
965 286
958 279
315 111
293 103
362 70
416 678
336 60
898 331
409 701
983 295
822 684
427 635
952 318
827 263
1000 293
840 256
391 663
998 273
333 119
1000 308
809 709
857 278
404 645
1000 335
805 307
832 251
337 126
829 302
389 662
412 667
842 709
824 700
419 673
964 316
969 288
856 258
872 273
840 261
844 715
1000 301
994 257
345 120
350 95
307 77
1000 326
1000 307
844 260
407 647
436 653
800 725
337 92
330 79
835 663
294 116
370 678
1000 307
329 67
856 239
986 326
855 258
826 667
967 305
309 92
818 255
993 272
785 269
987 290
330 126
1000 275
311 84
298 132
1000 304
872 222
992 295
796 283
1000 271
853 262
344 74
844 284
796 661
1000 282
838 286
999 313
833 276
974 277
991 301
811 694
850 290
970 301
1000 309
316 79
822 695
809 693
822 688
326 108
846 320
335 117
324 74
867 247
418 658
993 281
980 307
811 709
384 681
834 254
1000 282
431 672
320 104
814 700
840 308
990 260
1000 272
986 278
338 142
335 128
328 119
992 272
312 97
1000 284
946 298
328 120
1000 280
818 699
379 681
980 276
422 637
1000 300
811 298
1000 273
422 652
833 699
812 705
807 690
838 273
850 280
820 268
840 698
347 131
409 675
832 244
406 674
428 647
430 666
324 119
347 82
829 704
304 78
409 654
394 641
1000 313
418 647
835 255
859 250
861 268
846 285
422 656
412 638
349 107
871 280
322 91
979 316
360 680
831 259
306 80
813 270
423 643
320 84
850 263
298 105
829 298
373 132
844 283
982 272
813 679
336 95
845 297
838 250
1000 326
784 713
788 694
801 742
1000 274
376 633
347 124
839 294
369 59
781 675
362 116
817 740
994 323
990 310
424 658
808 730
394 656
858 280
298 93
881 252
387 648
861 238
832 229
404 695
994 319
1000 282
995 273
363 84
829 704
352 100
326 86
339 89
818 708
417 667
981 308
385 656
326 91
325 80
1000 275
344 95
794 294
841 684
1000 307
317 104
1000 271
826 705
397 673
984 296
816 736
1000 255
413 637
357 127
353 50
343 97
341 87
847 260
818 716
842 290
371 93
969 297
830 288
970 310
794 738
976 343
404 690
984 310
407 648
351 97
409 665
416 650
838 692
412 663
387 660
840 275
818 239
380 678
1000 275
415 665
353 645
339 102
304 124
353 651
348 94
834 715
858 285
344 100
864 291
461 639
830 722
1000 288
378 668
324 109
332 110
421 687
402 669
832 674
375 636
829 688
839 271
400 642
407 667
798 275
847 257
424 658
428 677
977 304
806 697
827 698
374 681
992 263
322 133
827 267
390 644
955 336
815 697
983 298
998 311
435 643
453 708
828 260
333 37
384 692
828 716
862 252
321 135
365 119
327 132
364 97
381 661
821 282
807 671
837 285
954 310
345 92
828 292
821 692
878 293
832 273
878 272
349 82
412 649
376 103
409 667
868 265
863 320
394 664
349 669
837 249
833 710
856 270
832 713
799 725
390 670
991 321
345 80
402 671
427 679
980 290
332 111
1000 306
1000 299
807 712
357 119
821 714
962 314
832 714
837 666
984 313
1000 286
807 721
814 260
833 262
1000 301
824 264
823 719
805 281
1000 281
411 666
401 684
353 99
852 278
846 315
998 285
835 274
883 279
996 271
308 89
846 297
418 629
453 656
1000 324
398 632
1000 277
339 94
883 301
331 95
1000 294
362 662
788 715
824 264
326 126
831 282
337 107
299 82
836 710
840 290
991 269
388 88
813 707
865 255
400 675
838 332
977 320
428 678
811 743
841 295
967 303
462 665
835 264
848 289
1000 311
399 649
818 710
411 684
853 290
350 121
998 322
872 280
405 675
834 294
855 701
353 81
811 695
404 680
814 292
816 708
830 684
435 661
836 751
807 701
824 697
348 117
1000 305
1000 302
424 698
838 272
812 290
332 99
817 289
427 655
337 82
983 305
998 301
398 667
849 265
999 270
355 106
812 695
1000 282
825 703
999 336
838 698
824 287
835 296
977 291
798 666
408 654
338 129
435 683
416 670
995 314
831 682
867 294
809 277
351 115
402 663
407 647
425 695
418 638
417 703
412 654
984 300
840 701
834 249
343 53
832 702
399 660
838 248
359 76
335 104
971 288
812 716
831 275
864 234
1000 271
397 660
822 725
409 675
815 703
407 676
879 285
419 648
1000 286
833 269
402 659
972 289
334 84
837 270
823 707
379 87
389 83
364 104
1000 272
835 710
1000 305
815 676
813 727
366 672
820 276
823 733
306 71
399 670
832 266
845 268
967 321
835 688
1000 300
381 660
421 644
832 276
865 266
432 687
349 106
855 267
989 276
381 667
431 666
349 119
997 306
973 296
809 707
990 297
379 655
964 264
1000 322
386 673
797 719
828 724
836 320
362 121
360 166
328 105
408 664
405 711
326 115
807 693
785 699
326 80
400 642
392 674
409 652
849 270
816 232
994 280
389 675
833 701
330 112
790 686
434 662
400 677
994 285
435 645
959 298
835 728
812 688
398 681
337 88
1000 327
867 280
341 102
414 675
400 645
1000 277
338 80
845 251
346 129
1000 282
294 105
409 643
811 261
848 720
396 661
363 58
348 109
423 673
862 685
856 280
972 316
769 714
338 138
851 307
786 696
830 281
832 263
409 685
1000 251
314 130
824 714
979 293
356 105
1000 284
797 716
362 104
334 105
298 126
351 137
343 87
834 283
991 292
800 246
368 644
362 635
411 677
795 726
828 664
408 662
862 279
971 302
339 73
840 710
821 693
324 102
1000 299
351 101
833 744
836 687
1000 330
794 689
820 278
862 669
852 290
853 255
843 708
827 699
324 93
1000 322
394 664
871 282
330 113
835 247
795 698
340 122
796 751
831 269
851 277
453 647
823 261
367 632
870 688
386 634
843 250
361 85
401 665
415 669
839 277
986 284
787 715
816 688
1000 299
859 726
392 659
430 669
875 271
850 699
987 318
856 274
994 340
332 137
351 97
998 302
407 652
853 294
785 703
350 645
978 327
838 300
828 760
830 717
407 663
978 299
972 303
362 99
398 636
334 85
856 718
361 122
337 105
880 260
796 748
828 717
420 647
384 678
974 305
973 319
413 630
827 273
1000 299
808 724
803 701
847 284
993 264
309 112
313 100
825 740
786 712
299 103
1000 287
410 643
968 311
822 723
1000 309
786 716
351 135
374 641
835 688
856 277
374 670
345 89
976 304
409 621
993 319
413 646
831 692
871 275
382 659
993 322
964 273
811 712
366 89
1000 301
864 716
832 277
800 705
1000 256
364 89
826 277
851 716
340 100
337 70
338 98
802 704
330 70
836 302
1000 304
1000 340
362 110
978 325
413 664
331 89
404 649
341 105
1000 320
837 252
306 122
819 708
323 106
894 299
1000 263
820 287
978 318
422 666
357 152
412 650
817 215
997 282
381 75
829 722
433 680
408 692
304 109
850 718
999 289
341 90
340 102
794 719
831 253
815 693
347 84
826 304
827 297
994 291
336 96
1000 303
295 124
970 324
378 656
1000 291
380 657
321 45
822 304
967 345
993 286
374 677
857 312
866 262
849 292
850 306
830 297
388 672
788 692
385 624
981 291
1000 286
824 688
816 266
861 236
800 700
394 650
814 704
1000 299
833 662
803 287
850 279
832 265
827 711
357 101
857 286
1000 276
837 725
852 259
1000 307
842 289
817 736
839 273
788 704
819 732
278 66
386 654
829 277
396 675
450 661
794 645
842 283
357 119
868 684
890 272
815 284
806 733
834 693
835 257
987 291
996 330
376 116
443 671
367 108
434 681
828 687
793 700
379 660
819 674
393 658
970 314
328 75
814 667
833 729
429 696
960 305
1000 293
1000 261
1000 276
394 626
344 115
344 83
324 102
993 290
394 655
868 272
889 273
324 90
343 53
820 673
409 657
408 667
1000 288
400 645
372 684
309 103
828 693
833 689
847 302
317 104
993 314
865 284
393 661
383 620
805 672
318 75
1000 298
806 694
805 716
396 678
423 677
797 266
310 103
815 242
1000 278
803 704
325 124
414 707
851 250
830 323
359 98
416 659
878 259
361 103
361 128
828 679
863 281
828 683
424 631
342 102
414 640
341 80
1000 286
856 284
400 648
992 304
846 292
1000 277
865 287
349 92
414 658
962 313
851 700
459 658
825 271
860 298
818 714
398 643
800 725
1000 323
951 321
1000 329
405 679
1000 309
355 81
364 111
996 276
428 668
331 91
998 302
389 681
979 282
405 667
389 654
1000 339
995 277
389 645
857 294
400 660
424 673
832 713
323 96
322 97
831 702
417 676
410 653
378 656
860 264
802 690
853 256
838 723
344 113
969 292
997 308
828 689
433 673
831 273
436 674
830 278
430 654
333 72
812 701
980 281
396 657
326 108
334 108
828 699
344 116
364 86
361 106
964 297
842 282
838 699
841 284
859 292
828 721
818 679
803 668
330 69
350 141
826 307
897 274
400 660
978 262
815 269
838 294
988 292
820 262
1000 331
412 679
1000 316
340 117
302 63
421 657
337 96
